59 154 26 65 155 53 144 11 7 154
14 74 115 13 20 63 94 154 3
59 154 26 131 157 144 11 81 34 154 3
24 77 12 44 114 35 125 5
59 154 26 139 13 91 16 123 25 140 3
96 19 68 7 3 33 30 61 69 3
96 19 51 3 33 48 143 124 52 3
13 153 33 72 125 50 3 90 111 125 148 4
1
59 154 26 36 160 13 91 77 37 155 79 5
59 154 26 120 160 13 91 77 122 155 10 5
59 154 26 80 149 130 13 31
13 129 121 135 60 64 113 100 5
59 154 26 17 124 55 113 132 159 108
134 25 67 124 77 6 128 44 43 3
96 142 113 119 154 47 155 70 124 3 22 3
13 110 13 23 163 137 149 151 126 4
1
59 154 26 77 95 54 93 11 155 147
13 98 63 94 95 133 93 97 3
13 73 3 13 109 9 15 155 18
13 88 21 6 150 7 155 75 5
59 154 26 45 155 56 13 87 13 104
124 103 155 133 71 8 118 14 49 3
13 106 57 94 144 117 62 92 61 154
40 113 146 145 101 124 116 4 161 57 94 2 162 1
1
59 154 26 111 149 29 13 65 155 138 3
96 141 149 66 160 90 73 113 27 127 3
59 86 42 90 76 46 26 58 154 3
59 11 81 28 149 154 3 24 89 125 84 5
59 154 26 41 113 136 82
149 105 102 152 93 32 99 3
156 62 113 38 13 39 112 61 63 3
13 160 145 62 83 160 158 16 6 78 3 85 107 2
